0.000000000000000000e+00
1.170001170001169939e-02
2.340002340002339878e-02
3.510003510003509991e-02
4.680004680004679757e-02
5.850005850005849523e-02
7.020007020007019982e-02
8.190008190008189748e-02
9.360009360009359514e-02
1.053001053001052928e-01
1.170001170001169905e-01
1.287001287001287020e-01
1.404001404001403996e-01
1.521001521001520973e-01
1.638001638001637950e-01
1.755001755001754926e-01
1.872001872001871903e-01
1.989001989001988879e-01
2.106002106002105856e-01
2.223002223002222832e-01
2.340002340002339809e-01
2.457002457002456786e-01
2.574002574002574040e-01
2.691002691002690739e-01
2.808002808002807993e-01
2.925002925002924692e-01
